try_num,change_probability,success_this_time,cumulative,master_energy
1,0.005,0.005,0.005,0.0
2,0.0055,0.00547,0.01047,0.00233
3,0.006,0.00594,0.01641,0.00489
4,0.0065,0.00639,0.0228,0.00768
5,0.007,0.00684,0.02964,0.0107
6,0.0075,0.00728,0.03692,0.01396
7,0.008,0.0077,0.04462,0.01745
8,0.0085,0.00812,0.05274,0.02117
9,0.009,0.00853,0.06127,0.02512
10,0.0095,0.00892,0.07019,0.02931
11,0.01,0.0093,0.07949,0.03373
12,0.01,0.00921,0.0887,0.03838
13,0.01,0.00911,0.09781,0.04303
14,0.01,0.00902,0.10683,0.04768
15,0.01,0.00893,0.11576,0.05233
16,0.01,0.00884,0.1246,0.05698
17,0.01,0.00875,0.13335,0.06163
18,0.01,0.00867,0.14202,0.06628
19,0.01,0.00858,0.1506,0.07093
20,0.01,0.00849,0.15909,0.07558
21,0.01,0.00841,0.1675,0.08023
22,0.01,0.00833,0.17583,0.08488
23,0.01,0.00824,0.18407,0.08953
24,0.01,0.00816,0.19223,0.09418
25,0.01,0.00808,0.20031,0.09883
26,0.01,0.008,0.20831,0.10348
27,0.01,0.00792,0.21623,0.10813
28,0.01,0.00784,0.22407,0.11278
29,0.01,0.00776,0.23183,0.11743
30,0.01,0.00768,0.23951,0.12208
31,0.01,0.0076,0.24711,0.12673
32,0.01,0.00753,0.25464,0.13138
33,0.01,0.00745,0.26209,0.13603
34,0.01,0.00738,0.26947,0.14068
35,0.01,0.00731,0.27678,0.14533
36,0.01,0.00723,0.28401,0.14998
37,0.01,0.00716,0.29117,0.15463
38,0.01,0.00709,0.29826,0.15928
39,0.01,0.00702,0.30528,0.16393
40,0.01,0.00695,0.31223,0.16858
41,0.01,0.00688,0.31911,0.17323
42,0.01,0.00681,0.32592,0.17788
43,0.01,0.00674,0.33266,0.18253
44,0.01,0.00667,0.33933,0.18718
45,0.01,0.00661,0.34594,0.19183
46,0.01,0.00654,0.35248,0.19648
47,0.01,0.00648,0.35896,0.20113
48,0.01,0.00641,0.36537,0.20578
49,0.01,0.00635,0.37172,0.21043
50,0.01,0.00628,0.378,0.21508
51,0.01,0.00622,0.38422,0.21973
52,0.01,0.00616,0.39038,0.22438
53,0.01,0.0061,0.39648,0.22903
54,0.01,0.00604,0.40252,0.23368
55,0.01,0.00597,0.40849,0.23833
56,0.01,0.00592,0.41441,0.24298
57,0.01,0.00586,0.42027,0.24763
58,0.01,0.0058,0.42607,0.25228
59,0.01,0.00574,0.43181,0.25693
60,0.01,0.00568,0.43749,0.26158
61,0.01,0.00563,0.44312,0.26623
62,0.01,0.00557,0.44869,0.27088
63,0.01,0.00551,0.4542,0.27553
64,0.01,0.00546,0.45966,0.28018
65,0.01,0.0054,0.46506,0.28483
66,0.01,0.00535,0.47041,0.28948
67,0.01,0.0053,0.47571,0.29413
68,0.01,0.00524,0.48095,0.29878
69,0.01,0.00519,0.48614,0.30343
70,0.01,0.00514,0.49128,0.30808
71,0.01,0.00509,0.49637,0.31273
72,0.01,0.00504,0.50141,0.31738
73,0.01,0.00499,0.5064,0.32203
74,0.01,0.00494,0.51134,0.32668
75,0.01,0.00489,0.51623,0.33133
76,0.01,0.00484,0.52107,0.33598
77,0.01,0.00479,0.52586,0.34063
78,0.01,0.00474,0.5306,0.34528
79,0.01,0.00469,0.53529,0.34993
80,0.01,0.00465,0.53994,0.35458
81,0.01,0.0046,0.54454,0.35923
82,0.01,0.00455,0.54909,0.36388
83,0.01,0.00451,0.5536,0.36853
84,0.01,0.00446,0.55806,0.37318
85,0.01,0.00442,0.56248,0.37783
86,0.01,0.00438,0.56686,0.38248
87,0.01,0.00433,0.57119,0.38713
88,0.01,0.00429,0.57548,0.39178
89,0.01,0.00425,0.57973,0.39643
90,0.01,0.0042,0.58393,0.40108
91,0.01,0.00416,0.58809,0.40573
92,0.01,0.00412,0.59221,0.41038
93,0.01,0.00408,0.59629,0.41503
94,0.01,0.00404,0.60033,0.41968
95,0.01,0.004,0.60433,0.42433
96,0.01,0.00396,0.60829,0.42898
97,0.01,0.00392,0.61221,0.43363
98,0.01,0.00388,0.61609,0.43828
99,0.01,0.00384,0.61993,0.44293
100,0.01,0.0038,0.62373,0.44758
101,0.01,0.00376,0.62749,0.45223
102,0.01,0.00373,0.63122,0.45688
103,0.01,0.00369,0.63491,0.46153
104,0.01,0.00365,0.63856,0.46618
105,0.01,0.00361,0.64217,0.47083
106,0.01,0.00358,0.64575,0.47548
107,0.01,0.00354,0.64929,0.48013
108,0.01,0.00351,0.6528,0.48478
109,0.01,0.00347,0.65627,0.48943
110,0.01,0.00344,0.65971,0.49408
111,0.01,0.0034,0.66311,0.49873
112,0.01,0.00337,0.66648,0.50338
113,0.01,0.00334,0.66982,0.50803
114,0.01,0.0033,0.67312,0.51268
115,0.01,0.00327,0.67639,0.51733
116,0.01,0.00324,0.67963,0.52198
117,0.01,0.0032,0.68283,0.52663
118,0.01,0.00317,0.686,0.53128
119,0.01,0.00314,0.68914,0.53593
120,0.01,0.00311,0.69225,0.54058
121,0.01,0.00308,0.69533,0.54523
122,0.01,0.00305,0.69838,0.54988
123,0.01,0.00302,0.7014,0.55453
124,0.01,0.00299,0.70439,0.55918
125,0.01,0.00296,0.70735,0.56383
126,0.01,0.00293,0.71028,0.56848
127,0.01,0.0029,0.71318,0.57313
128,0.01,0.00287,0.71605,0.57778
129,0.01,0.00284,0.71889,0.58243
130,0.01,0.00281,0.7217,0.58708
131,0.01,0.00278,0.72448,0.59173
132,0.01,0.00276,0.72724,0.59638
133,0.01,0.00273,0.72997,0.60103
134,0.01,0.0027,0.73267,0.60568
135,0.01,0.00267,0.73534,0.61033
136,0.01,0.00265,0.73799,0.61498
137,0.01,0.00262,0.74061,0.61963
138,0.01,0.00259,0.7432,0.62428
139,0.01,0.00257,0.74577,0.62893
140,0.01,0.00254,0.74831,0.63358
141,0.01,0.00252,0.75083,0.63823
142,0.01,0.00249,0.75332,0.64288
143,0.01,0.00247,0.75579,0.64753
144,0.01,0.00244,0.75823,0.65218
145,0.01,0.00242,0.76065,0.65683
146,0.01,0.00239,0.76304,0.66148
147,0.01,0.00237,0.76541,0.66613
148,0.01,0.00235,0.76776,0.67078
149,0.01,0.00232,0.77008,0.67543
150,0.01,0.0023,0.77238,0.68008
151,0.01,0.00228,0.77466,0.68473
152,0.01,0.00225,0.77691,0.68938
153,0.01,0.00223,0.77914,0.69403
154,0.01,0.00221,0.78135,0.69868
155,0.01,0.00219,0.78354,0.70333
156,0.01,0.00216,0.7857,0.70798
157,0.01,0.00214,0.78784,0.71263
158,0.01,0.00212,0.78996,0.71728
159,0.01,0.0021,0.79206,0.72193
160,0.01,0.00208,0.79414,0.72658
161,0.01,0.00206,0.7962,0.73123
162,0.01,0.00204,0.79824,0.73588
163,0.01,0.00202,0.80026,0.74053
164,0.01,0.002,0.80226,0.74518
165,0.01,0.00198,0.80424,0.74983
166,0.01,0.00196,0.8062,0.75448
167,0.01,0.00194,0.80814,0.75913
168,0.01,0.00192,0.81006,0.76378
169,0.01,0.0019,0.81196,0.76843
170,0.01,0.00188,0.81384,0.77308
171,0.01,0.00186,0.8157,0.77773
172,0.01,0.00184,0.81754,0.78238
173,0.01,0.00182,0.81936,0.78703
174,0.01,0.00181,0.82117,0.79168
175,0.01,0.00179,0.82296,0.79633
176,0.01,0.00177,0.82473,0.80098
177,0.01,0.00175,0.82648,0.80563
178,0.01,0.00174,0.82822,0.81028
179,0.01,0.00172,0.82994,0.81493
180,0.01,0.0017,0.83164,0.81958
181,0.01,0.00168,0.83332,0.82423
182,0.01,0.00167,0.83499,0.82888
183,0.01,0.00165,0.83664,0.83353
184,0.01,0.00163,0.83827,0.83818
185,0.01,0.00162,0.83989,0.84283
186,0.01,0.0016,0.84149,0.84748
187,0.01,0.00159,0.84308,0.85213
188,0.01,0.00157,0.84465,0.85678
189,0.01,0.00155,0.8462,0.86143
190,0.01,0.00154,0.84774,0.86608
191,0.01,0.00152,0.84926,0.87073
192,0.01,0.00151,0.85077,0.87538
193,0.01,0.00149,0.85226,0.88003
194,0.01,0.00148,0.85374,0.88468
195,0.01,0.00146,0.8552,0.88933
196,0.01,0.00145,0.85665,0.89398
197,0.01,0.00143,0.85808,0.89863
198,0.01,0.00142,0.8595,0.90328
199,0.01,0.00141,0.86091,0.90793
200,0.01,0.00139,0.8623,0.91258
201,0.01,0.00138,0.86368,0.91723
202,0.01,0.00136,0.86504,0.92188
203,0.01,0.00135,0.86639,0.92653
204,0.01,0.00134,0.86773,0.93118
205,0.01,0.00132,0.86905,0.93583
206,0.01,0.00131,0.87036,0.94048
207,0.01,0.0013,0.87166,0.94513
208,0.01,0.00128,0.87294,0.94978
209,0.01,0.00127,0.87421,0.95443
210,0.01,0.00126,0.87547,0.95908
211,0.01,0.00125,0.87672,0.96373
212,0.01,0.00123,0.87795,0.96838
213,0.01,0.00122,0.87917,0.97303
214,0.01,0.00121,0.88038,0.97768
215,0.01,0.0012,0.88158,0.98233
216,0.01,0.00118,0.88276,0.98698
217,0.01,0.00117,0.88393,0.99163
218,0.01,0.00116,0.88509,0.99628
219,1.0,0.11492,1.0,1.0
