try_num,change_probability,success_this_time,cumulative,master_energy
1,0.15,0.15,0.15,0.0
2,0.165,0.14025,0.29025,0.06976
3,0.18,0.12776,0.41801,0.1465
4,0.195,0.11349,0.5315,0.23022
5,0.21,0.09839,0.62989,0.32091
6,0.225,0.08328,0.71317,0.41858
7,0.24,0.06884,0.78201,0.52323
8,0.255,0.05559,0.8376,0.63485
9,0.27,0.04385,0.88145,0.75345
10,0.285,0.03379,0.91524,0.87903
11,1.0,0.08477,1.0,1.0
